791
94 99 247 248
11 12 66 70
51 54 74 75
173 174 7 11
38 41 153 154
140 143 59 60
139 140 213 217
147 149 195 198
4 8 242 243
13 16 67 69
185 192 188 188
129 131 241 244
61 62 44 49
50 53 115 116
139 140 115 119
98 102 11 12
56 57 120 125
87 91 248 249
197 197 141 148
140 141 2 7
158 159 41 44
124 125 213 217
19 22 27 29
10 10 150 157
79 86 6 6
23 27 14 15
170 175 130 131
68 69 239 242
89 94 45 46
173 176 88 89
4 6 167 169
132 133 95 99
178 179 25 30
51 53 46 49
85 86 0 4
198 199 192 196
120 122 36 38
55 57 98 100
126 130 49 50
14 15 187 192
160 162 244 247
30 31 207 212
5 10 9 10
82 85 101 103
162 163 137 141
70 73 197 198
196 199 108 110
112 116 177 178
32 36 61 62
123 126 68 69
29 30 171 176
16 20 120 121
174 179 157 158
66 68 114 117
3 5 64 67
32 33 41 46
2 4 161 164
123 125 44 46
143 146 181 183
38 38 43 50
198 199 229 234
82 84 87 90
93 94 181 185
21 22 67 71
169 171 39 42
92 93 213 218
63 65 192 194
30 34 56 57
87 89 84 87
172 174 79 82
145 146 116 119
196 198 11 13
122 125 108 110
164 167 138 140
80 82 16 19
196 198 153 156
44 49 109 110
130 135 224 225
148 151 76 78
104 107 28 29
1 4 170 172
40 42 74 77
54 55 169 174
70 72 177 180
28 35 167 167
177 182 169 170
164 167 145 147
94 95 49 54
24 25 207 211
40 42 185 187
63 65 8 10
175 176 108 112
79 83 206 207
0 0 231 238
56 59 86 87
188 189 82 87
142 143 106 111
169 171 152 154
147 152 7 8
110 111 51 56
86 86 27 34
8 12 85 86
124 125 204 209
66 68 24 26
160 162 53 56
46 48 150 152
140 141 242 246
172 175 161 163
63 68 66 67
46 47 8 12
157 157 148 155
16 21 40 41
11 16 168 169
29 30 160 165
159 160 6 10
137 142 142 143
2 3 82 87
29 33 39 40
144 147 237 238
161 166 164 165
41 44 87 89
117 118 125 129
119 121 21 23
167 168 2 7
145 147 166 169
148 151 105 107
40 45 162 163
170 170 67 74
156 159 157 159
31 38 239 239
196 197 210 214
19 21 154 157
46 53 91 91
110 111 150 155
11 15 147 148
46 51 219 220
105 106 99 102
80 81 175 179
34 36 221 224
156 160 99 100
68 73 160 161
23 26 107 109
65 66 157 162
102 103 233 238
30 34 204 205
198 199 46 51
37 37 204 211
185 188 246 248
121 124 8 9
45 46 186 190
7 8 64 69
165 169 113 114
67 71 189 190
22 27 198 199
110 112 221 223
121 125 1 2
90 91 131 134
35 37 19 22
139 144 220 221
162 163 193 197
53 58 118 119
147 148 180 184
175 178 223 225
119 122 12 13
139 141 122 124
99 106 68 68
189 193 245 246
78 81 162 164
124 128 171 172
103 106 12 13
171 176 72 73
92 93 159 164
161 162 213 217
115 116 27 31
95 98 169 171
46 51 157 158
33 36 170 172
56 57 53 56
111 113 186 189
44 45 122 126
164 167 182 184
158 160 201 203
139 141 189 191
25 26 2 7
179 181 36 39
166 169 142 144
86 89 102 104
100 107 60 60
162 164 21 24
141 142 25 29
62 63 73 78
178 180 153 156
168 175 151 151
47 48 227 231
114 117 3 5
43 46 227 229
9 14 127 128
50 53 235 236
129 133 47 48
157 158 68 72
34 35 75 80
151 154 152 153
104 105 245 249
163 167 61 62
135 137 58 61
32 36 232 233
91 92 50 54
115 117 59 61
23 25 156 159
93 96 109 111
107 109 181 183
155 156 84 88
96 100 139 140
30 33 247 249
38 40 94 97
55 57 42 45
25 28 147 149
50 52 163 166
131 132 207 210
198 199 54 58
167 171 132 133
181 183 198 201
196 199 125 127
118 122 228 229
196 199 159 161
62 64 39 41
38 41 78 80
29 34 90 91
187 192 179 180
176 177 33 38
192 197 75 76
137 138 161 166
196 199 167 168
85 86 144 149
175 176 4 8
149 154 248 249
84 85 12 17
14 16 181 184
80 87 180 180
95 98 61 63
149 152 15 17
5 9 192 193
49 54 208 209
63 67 50 51
191 193 238 240
188 189 101 105
10 12 61 64
1 8 222 222
36 41 151 152
141 146 248 249
154 161 182 182
52 55 29 31
60 61 158 161
87 90 92 94
79 81 79 82
177 182 239 240
161 165 227 228
165 170 123 124
62 63 105 109
181 185 104 105
160 162 46 49
57 60 226 228
24 26 61 63
24 26 163 165
121 122 182 185
17 18 32 36
45 47 42 45
128 132 88 89
96 99 79 80
103 105 14 17
190 195 234 235
60 61 107 111
109 111 46 49
155 158 24 26
109 114 248 249
0 2 23 26
131 136 168 169
30 33 106 108
101 106 70 71
56 57 88 93
14 15 159 163
57 62 248 249
110 111 14 18
74 74 79 86
39 44 246 247
185 188 67 69
87 89 64 66
176 180 241 242
142 147 190 191
27 28 118 123
158 160 176 179
174 175 240 245
179 180 76 81
4 9 214 215
63 64 17 22
41 42 30 34
43 44 196 201
56 57 179 183
75 78 82 84
78 81 165 167
115 119 131 132
86 89 153 155
98 99 174 178
173 178 192 193
144 151 160 160
34 41 67 67
169 170 103 106
121 125 222 223
33 38 120 121
157 160 221 223
185 187 168 171
151 153 63 65
73 76 173 175
15 17 195 197
50 55 6 7
111 112 191 194
154 155 91 95
21 22 226 231
189 189 7 14
10 11 180 183
101 103 38 41
192 195 101 103
59 63 224 225
143 146 140 142
95 96 214 217
135 137 177 180
105 106 63 67
120 122 238 240
99 100 202 205
13 15 133 136
184 186 217 220
47 49 182 184
55 59 17 18
80 81 38 42
139 146 51 51
158 161 117 119
67 70 139 141
113 118 57 58
10 14 205 206
67 69 152 155
72 76 21 22
196 197 240 244
16 18 23 26
164 166 28 30
137 140 93 95
165 168 108 110
117 121 248 249
40 42 177 180
24 25 84 89
94 99 186 187
4 6 53 55
74 79 156 157
60 61 162 165
117 118 73 77
36 37 2 6
83 84 234 237
107 112 94 95
90 94 31 32
139 141 163 165
31 36 227 228
14 21 51 51
103 107 166 167
81 82 142 146
185 186 129 134
27 31 132 133
154 157 103 105
71 78 72 72
15 16 213 218
5 7 137 140
181 183 127 130
32 33 218 222
8 11 165 167
95 96 55 60
76 77 106 110
18 19 196 200
156 159 122 124
0 4 245 246
198 199 73 76
131 132 161 165
43 48 248 249
105 107 76 79
7 9 246 248
180 187 186 186
144 146 23 25
129 130 131 136
72 75 112 114
181 184 31 33
24 27 175 176
145 147 84 87
172 173 141 144
171 172 183 187
102 103 209 213
8 9 42 46
164 165 232 237
191 198 82 82
76 77 28 31
91 94 19 21
5 12 202 202
35 38 198 200
1 4 224 226
114 115 182 187
197 199 186 189
4 5 35 38
171 176 214 215
182 183 17 22
133 135 247 249
119 120 163 167
198 199 208 213
196 199 28 29
162 164 127 129
49 50 193 198
26 26 65 72
13 16 156 157
120 120 201 208
150 154 136 137
197 199 183 185
188 190 159 162
180 181 203 208
52 53 221 225
23 24 241 244
51 54 2 3
24 25 49 52
9 12 116 117
55 58 241 243
16 19 226 228
26 26 230 237
51 54 247 249
122 122 63 70
125 127 30 32
137 138 70 75
168 169 213 218
34 35 161 166
186 190 172 173
2 9 136 136
134 136 102 104
47 49 94 97
15 20 89 90
161 163 73 75
65 69 38 39
69 72 3 5
124 127 34 35
114 115 50 55
191 196 181 182
173 177 40 41
103 104 43 48
66 69 80 82
131 132 245 249
99 101 240 243
136 137 133 136
140 141 106 109
98 100 16 19
43 47 234 235
148 149 79 83
130 132 219 222
37 41 228 229
86 89 24 26
142 143 130 134
4 5 17 22
114 115 39 44
112 112 119 126
136 143 158 158
6 11 75 76
23 25 230 232
124 128 115 116
138 143 56 57
150 151 67 71
162 164 204 207
74 77 40 42
139 139 229 236
43 47 77 78
12 17 109 110
3 7 218 219
66 73 71 71
0 1 100 105
98 101 8 10
38 41 148 150
48 51 8 10
176 178 13 15
185 189 138 139
74 78 186 187
97 98 145 150
113 115 174 176
197 199 38 40
32 33 208 213
63 68 245 246
4 11 60 60
90 97 91 91
169 174 108 109
91 94 71 72
82 89 224 224
182 186 0 1
122 127 4 5
4 7 198 200
102 104 133 136
19 20 202 207
74 75 211 215
27 30 177 178
34 38 137 138
129 134 38 39
145 149 144 145
59 60 216 221
155 158 1 3
131 134 152 154
114 116 117 119
78 81 73 74
45 52 111 111
62 63 134 137
95 97 92 95
82 87 121 122
46 47 221 226
117 119 196 199
68 71 84 86
34 37 54 55
196 197 193 197
113 116 20 21
70 71 112 115
40 41 136 141
169 171 18 21
119 120 43 47
113 114 79 82
91 94 95 97
119 123 77 78
142 144 197 199
92 94 169 172
43 44 213 217
184 186 234 237
25 26 242 247
169 171 5 8
124 127 244 246
35 37 139 141
107 109 159 162
180 185 13 14
196 197 234 237
134 136 116 119
64 65 127 132
140 141 176 181
124 129 234 235
191 195 33 34
167 171 25 26
109 114 211 212
71 74 133 135
159 163 153 154
103 104 79 83
19 20 218 223
147 152 227 228
1 3 106 109
27 28 104 108
181 186 8 9
148 148 237 244
40 44 114 115
107 109 128 131
100 101 97 101
136 137 127 132
62 63 89 94
17 20 136 137
94 95 200 205
20 25 168 169
132 135 196 198
136 137 86 90
139 142 16 18
172 177 136 137
65 68 210 211
127 128 135 140
190 195 97 98
115 116 33 37
150 157 21 21
178 179 185 189
36 41 133 134
124 131 178 178
51 56 81 82
125 127 86 89
186 187 190 195
116 116 215 222
66 68 217 219
41 42 7 10
13 14 209 213
189 194 248 249
180 181 116 121
30 31 138 141
182 183 73 78
12 15 104 106
83 84 40 45
84 85 126 130
145 149 53 54
115 119 146 147
136 138 77 80
197 199 0 3
140 143 202 204
19 21 181 183
101 102 118 123
94 96 129 132
28 32 37 38
167 169 76 79
38 39 188 192
101 104 56 58
19 21 122 124
163 164 219 223
85 88 52 54
183 188 214 215
168 170 93 95
86 91 192 193
173 176 77 78
197 199 115 118
149 153 125 126
193 196 220 222
22 24 233 236
59 60 0 5
156 157 166 170
12 13 120 125
8 11 98 99
22 25 74 75
5 8 226 228
75 78 24 26
128 131 92 94
10 11 42 47
38 40 214 216
120 121 134 139
19 22 104 106
155 160 81 82
164 166 84 86
199 199 11 18
16 23 148 148
8 9 25 30
28 29 190 194
174 175 138 142
161 163 224 226
85 87 20 23
14 19 172 173
62 66 31 32
184 188 146 147
143 145 212 215
143 144 86 91
85 89 203 204
177 179 99 101
194 195 86 91
123 128 197 198
182 183 142 147
102 105 162 164
57 59 209 212
123 123 168 175
168 171 125 127
28 29 31 35
1 2 174 179
64 66 84 87
135 138 52 54
160 160 31 38
15 18 5 7
106 111 4 5
67 71 0 1
103 106 188 189
165 168 168 170
146 150 46 47
125 130 202 203
92 95 139 141
91 92 184 189
102 104 190 193
179 182 192 194
92 99 78 78
107 109 235 238
57 58 32 37
42 49 156 156
102 105 218 220
120 122 90 93
173 174 15 19
82 83 0 3
26 27 126 131
10 11 241 246
188 189 58 63
7 9 95 97
25 26 187 192
177 180 48 50
142 142 7 14
95 100 112 113
97 99 223 226
151 156 29 30
163 168 18 19
159 164 106 107
137 139 185 187
190 191 137 140
0 1 148 153
193 194 2 5
28 33 86 87
74 76 91 94
30 35 32 33
190 195 84 85
6 7 32 37
153 156 214 215
79 82 91 93
31 32 74 79
102 104 154 157
189 193 142 143
146 149 42 44
60 65 181 182
181 183 187 189
60 62 96 99
94 94 145 152
62 63 164 169
4 11 231 231
146 147 206 211
25 28 248 249
195 199 23 24
180 182 163 165
71 76 99 100
192 197 66 67
79 82 241 243
104 107 149 150
115 116 134 138
156 159 187 188
149 150 183 188
58 61 70 72
37 42 85 86
120 123 218 220
107 109 143 146
105 108 32 34
45 52 99 99
148 149 219 224
38 39 112 117
3 10 234 234
105 110 7 8
193 194 22 27
187 190 174 175
197 199 222 225
28 28 69 76
197 199 30 33
50 54 42 43
143 145 100 103
88 90 217 219
163 164 112 117
75 77 130 133
66 68 170 172
183 184 86 91
4 8 204 205
48 49 84 89
117 118 186 191
145 146 152 157
54 57 158 160
173 177 46 47
108 109 239 242
88 91 206 208
55 59 50 51
77 79 208 210
156 161 229 230
164 166 191 194
87 89 162 165
169 171 56 58
186 189 181 182
67 68 7 11
197 199 246 249
126 127 81 85
90 93 56 58
142 145 121 123
46 48 214 216
125 129 179 180
135 136 240 245
62 67 240 241
59 60 151 155
3 8 123 124
163 165 41 44
187 190 223 225
51 54 37 38
110 110 35 42
77 80 45 47
47 52 65 66
32 32 173 180
129 131 63 66
57 59 195 197
99 101 74 76
39 42 44 45
93 95 98 100
100 104 66 67
190 194 9 10
2 2 38 45
161 166 38 39
44 47 39 41
66 71 168 169
23 25 16 18
168 171 248 249
58 58 217 224
176 180 59 60
83 84 160 163
113 114 30 35
97 100 196 197
74 75 58 63
187 189 36 39
11 12 11 15
178 183 138 139
81 88 229 229
76 77 12 15
148 150 22 25
166 169 229 231
